1120 0 D112645 1
1138 0 D521164 1
1161 0 D2802272 1
1500 0 D1372969 1
1747 0 D961039 1
1808 0 D1825784 1
2567 0 D109780 1
2794 0 D3010537 1
2816 0 D283414 1
3375 0 D1444766 1
4050 0 D1170384 1
6187 0 D326192 1
6370 0 D65458 1
7256 0 D838717 1
7327 0 D69946 1
8316 0 D2583416 1
8349 0 D1462539 1
8857 0 D491188 1
9090 0 D15417 1
9158 0 D497493 1
9852 0 D1838830 1
10034 0 D2147560 1
10453 0 D2985407 1
10459 0 D1868273 1
10587 0 D1836211 1
10597 0 D58061 1
10940 0 D452005 1
11174 0 D2416037 1
12543 0 D1201796 1
12666 0 D1129099 1
13031 0 D1399262 1
13238 0 D1108579 1
13325 0 D1845441 1
14271 0 D95553 1
14697 0 D1354919 1
14997 0 D95075 1
15384 0 D2872090 1
15429 0 D1552023 1
15488 0 D2419597 1
15657 0 D2213153 1
15924 0 D2792764 1
15966 0 D533280 1
16018 0 D553164 1
16909 0 D153151 1
17221 0 D1043430 1
17325 0 D963571 1
18205 0 D2791909 1
18432 0 D2669368 1
20330 0 D147416 1
20619 0 D2397506 1
20665 0 D3079746 1
22070 0 D2595807 1
22868 0 D2723654 1
23219 0 D829108 1
23635 0 D3054922 1
23728 0 D3048328 1
23938 0 D2837293 1
24305 0 D2949955 1
24791 0 D1649059 1
25397 0 D1797367 1
26248 0 D3042075 1
26661 0 D2281753 1
26943 0 D920746 1
27301 0 D1947359 1
28155 0 D374437 1
28475 0 D144367 1
28556 0 D2017792 1
28565 0 D464111 1
28731 0 D2740206 1
28803 0 D1950449 1
28912 0 D42993 1
28970 0 D985758 1
29303 0 D1821771 1
29323 0 D2997502 1
29664 0 D1142873 1
29855 0 D2797344 1
30117 0 D2215190 1
30237 0 D2243805 1
30350 0 D1219631 1
31623 0 D2735163 1
33919 0 D47865 1
34590 0 D1726014 1
34955 0 D2718597 1
35604 0 D400410 1
35754 0 D2498678 1
35763 0 D41658 1
36063 0 D1411105 1
36159 0 D1316308 1
36497 0 D714352 1
36785 0 D131162 1
36976 0 D1092093 1
37704 0 D62626 1
37957 0 D331473 1
39467 0 D1801384 1
39747 0 D674475 1
39785 0 D2025255 1
40187 0 D2689868 1
40415 0 D1641630 1
40468 0 D97476 1
41057 0 D1770686 1
41296 0 D2803509 1
41588 0 D2083281 1
42162 0 D1120197 1
42208 0 D1602501 1
42633 0 D465060 1
43782 0 D3039712 1
43806 0 D2333711 1
44439 0 D2987115 1
45412 0 D1304041 1
46451 0 D365269 1
46729 0 D1591660 1
46732 0 D1790121 1
47501 0 D1616143 1
48153 0 D2121476 1
49613 0 D487514 1
50395 0 D364041 1
50597 0 D2615327 1
50835 0 D1086257 1
51362 0 D3117173 1
51433 0 D25321 1
52954 0 D686899 1
53014 0 D838373 1
53260 0 D2124256 1
54177 0 D2610866 1
54192 0 D1377606 1
54844 0 D1577603 1
55357 0 D293390 1
55717 0 D387595 1
56022 0 D2871600 1
56567 0 D803773 1
56716 0 D2934255 1
56969 0 D27504 1
57078 0 D3236563 1
57091 0 D768498 1
57103 0 D2785532 1
57176 0 D3010732 1
58030 0 D3023188 1
58939 0 D741740 1
59719 0 D425792 1
59780 0 D1620390 1
59789 0 D56284 1
60107 0 D700722 1
60489 0 D346785 1
60659 0 D213882 1
60739 0 D1166650 1
60762 0 D1783687 1
62121 0 D2539009 1
62265 0 D3099411 1
62508 0 D531860 1
62853 0 D89227 1
63312 0 D1340067 1
64029 0 D2323936 1
64195 0 D259918 1
64239 0 D2167679 1
64382 0 D2954218 1
64812 0 D988188 1
65402 0 D200462 1
65481 0 D1281591 1
65762 0 D2171798 1
65811 0 D3043294 1
66294 0 D1347789 1
67218 0 D42505 1
67353 0 D2238299 1
68107 0 D1508024 1
68997 0 D456095 1
69110 0 D1814778 1
69867 0 D1021100 1
71304 0 D2799376 1
71479 0 D2208948 1
71896 0 D434623 1
72900 0 D3203686 1
73166 0 D2716596 1
73445 0 D434869 1
73472 0 D643945 1
73676 0 D703279 1
73774 0 D1280999 1
73796 0 D380005 1
74073 0 D163376 1
74752 0 D2220652 1
76014 0 D842320 1
76389 0 D34719 1
76628 0 D2382220 1
76883 0 D3023285 1
76988 0 D43435 1
77006 0 D406231 1
77023 0 D945891 1
77651 0 D3001211 1
77871 0 D1176195 1
80167 0 D434674 1
80494 0 D2869867 1
80541 0 D2515031 1
81287 0 D840021 1
81671 0 D2874931 1
83122 0 D96777 1
83529 0 D825254 1
83577 0 D2774823 1
83883 0 D499880 1
83985 0 D2982762 1
84053 0 D2996447 1
85001 0 D187669 1
85516 0 D248108 1
85821 0 D152382 1
86061 0 D62822 1
86320 0 D3063289 1
86549 0 D1026346 1
86648 0 D291394 1
86704 0 D138527 1
87187 0 D109363 1
88105 0 D3037321 1
88467 0 D1616295 1
88666 0 D257474 1
88936 0 D617059 1
88999 0 D2803665 1
89109 0 D747932 1
89112 0 D212410 1
89688 0 D1415065 1
89691 0 D97479 1
89816 0 D654940 1
89821 0 D2865685 1
90188 0 D3033239 1
90931 0 D3031915 1
91332 0 D109529 1
91588 0 D96802 1
91903 0 D2325718 1
92024 0 D1952157 1
92266 0 D562203 1
92346 0 D2936087 1
92359 0 D1324224 1
92997 0 D2155195 1
93565 0 D1069735 1
93593 0 D2749244 1
93659 0 D2968898 1
93663 0 D965582 1
94139 0 D2771988 1
95940 0 D107286 1
96500 0 D940870 1
96670 0 D85570 1
97035 0 D3047880 1
97151 0 D225846 1
97174 0 D2345938 1
97263 0 D1448567 1
97613 0 D818737 1
97849 0 D349269 1
99208 0 D2403459 1
99780 0 D1526556 1
99938 0 D1102647 1
99953 0 D2622355 1
100672 0 D3070558 1
101368 0 D2713112 1
101836 0 D2807568 1
102947 0 D2720150 1
104187 0 D582244 1
104293 0 D1561175 1
104343 0 D424042 1
105391 0 D2236693 1
105621 0 D850596 1
106436 0 D64012 1
107348 0 D1373992 1
107896 0 D51058 1
108677 0 D57596 1
109386 0 D871466 1
109684 0 D105569 1
110251 0 D767738 1
110406 0 D453893 1
110670 0 D2152708 1
111105 0 D712068 1
111141 0 D1660794 1
111351 0 D1639092 1
111352 0 D1928717 1
111580 0 D3140628 1
111753 0 D161783 1
112050 0 D2162240 1
112755 0 D421394 1
112808 0 D94942 1
113045 0 D2859621 1
113740 0 D1674385 1
113795 0 D325579 1
114074 0 D1917205 1
114211 0 D95604 1
114334 0 D2662559 1
115165 0 D2716897 1
115247 0 D91153 1
115840 0 D2679884 1
116192 0 D129236 1
116494 0 D1320504 1
117274 0 D919695 1
117275 0 D2434033 1
117911 0 D1665004 1
117955 0 D2999938 1
118005 0 D348713 1
118703 0 D3064137 1
118995 0 D882537 1
119253 0 D2727579 1
119325 0 D2729961 1
119401 0 D1414902 1
119879 0 D2864042 1
119911 0 D1597706 1
119999 0 D2747304 1
120113 0 D2985781 1
120146 0 D286369 1
120412 0 D479836 1
121574 0 D2371922 1
121795 0 D1577266 1
122104 0 D3060104 1
122725 0 D228150 1
122985 0 D413143 1
123205 0 D624114 1
123884 0 D223415 1
125002 0 D886379 1
125248 0 D1140628 1
125272 0 D1280249 1
125472 0 D215485 1
125755 0 D1317210 1
125819 0 D974281 1
125882 0 D2756315 1
125926 0 D2436387 1
126162 0 D3223875 1
126263 0 D427848 1
126412 0 D957390 1
126568 0 D2931834 1
126716 0 D307177 1
127129 0 D1623262 1
127240 0 D165272 1
127489 0 D86848 1
127826 0 D2858158 1
128164 0 D246569 1
128235 0 D2796113 1
128265 0 D2969396 1
128368 0 D897657 1
128841 0 D3077664 1
128842 0 D441399 1
129002 0 D2470511 1
129411 0 D284563 1
129419 0 D2624162 1
129442 0 D1468201 1
129889 0 D1806794 1
129957 0 D1171165 1
130320 0 D3065093 1
130406 0 D186877 1
130994 0 D1277151 1
131286 0 D955847 1
131298 0 D1455611 1
131635 0 D794471 1
131810 0 D2187362 1
132223 0 D2791792 1
132245 0 D2730683 1
132926 0 D650003 1
133319 0 D2796690 1
133592 0 D2859486 1
133603 0 D36688 1
133674 0 D2341575 1
134101 0 D3037818 1
134255 0 D68860 1
134303 0 D1847729 1
134937 0 D252246 1
135471 0 D2634450 1
135703 0 D2999268 1
136425 0 D69870 1
137122 0 D806242 1
137505 0 D2030958 1
137718 0 D342847 1
138486 0 D1691448 1
139170 0 D1310531 1
140142 0 D34355 1
140312 0 D1443970 1
140618 0 D1067173 1
140759 0 D1737569 1
140794 0 D2878874 1
140837 0 D326694 1
141970 0 D264440 1
142131 0 D2146802 1
142243 0 D2749864 1
142250 0 D3081912 1
142783 0 D1257472 1
143236 0 D647719 1
143635 0 D2651185 1
143698 0 D540174 1
143787 0 D777032 1
144706 0 D2767472 1
145081 0 D2871466 1
145565 0 D1900278 1
145818 0 D2196991 1
145890 0 D2069757 1
146119 0 D1835019 1
146234 0 D3234182 1
147164 0 D2648642 1
147502 0 D2672786 1
148146 0 D2351535 1
148795 0 D2251324 1
148855 0 D646793 1
149133 0 D105379 1
149383 0 D3054224 1
149788 0 D1646972 1
149938 0 D1936972 1
149965 0 D360755 1
150181 0 D827214 1
150597 0 D1522709 1
150635 0 D2812119 1
150707 0 D3079551 1
151390 0 D155855 1
151827 0 D204755 1
152002 0 D3027238 1
152231 0 D2894249 1
152321 0 D226147 1
152513 0 D3060305 1
152888 0 D2113218 1
153546 0 D564385 1
153680 0 D2688203 1
153979 0 D2757464 1
154150 0 D579240 1
155736 0 D1829167 1
156129 0 D3211272 1
156248 0 D1763667 1
156282 0 D2540120 1
156814 0 D3038158 1
156915 0 D2473124 1
160523 0 D1590564 1
161294 0 D1387790 1
161417 0 D1245975 1
162669 0 D2959743 1
162760 0 D1722723 1
162932 0 D2724834 1
164219 0 D909920 1
164591 0 D2993690 1
165197 0 D3017408 1
165604 0 D1011432 1
165875 0 D3011426 1
165963 0 D939341 1
166103 0 D1503404 1
166191 0 D1170573 1
166471 0 D2490085 1
166631 0 D1983093 1
166664 0 D1729380 1
169896 0 D2066802 1
170893 0 D244828 1
171475 0 D2990899 1
171915 0 D792944 1
172092 0 D11064 1
172402 0 D29212 1
172519 0 D2550738 1
172522 0 D1996323 1
172794 0 D2921982 1
172954 0 D2366287 1
173033 0 D2934573 1
173191 0 D3023823 1
173586 0 D3201747 1
173774 0 D493116 1
174169 0 D484966 1
174389 0 D2133987 1
174579 0 D683615 1
174636 0 D129345 1
176090 0 D2331943 1
176264 0 D145825 1
176437 0 D212247 1
177155 0 D1896988 1
177311 0 D3050252 1
178065 0 D2977671 1
178914 0 D1581390 1
180488 0 D2731945 1
181159 0 D1434314 1
181239 0 D2923652 1
182266 0 D599994 1
182792 0 D110484 1
182845 0 D263203 1
183213 0 D2440878 1
183241 0 D2294910 1
183375 0 D2963262 1
183774 0 D113147 1
184034 0 D2837899 1
184705 0 D2080569 1
185383 0 D3169795 1
185605 0 D2165329 1
185798 0 D934427 1
185850 0 D1566091 1
186583 0 D1964924 1
186936 0 D97939 1
187955 0 D725409 1
188307 0 D1392822 1
188778 0 D825239 1
189225 0 D355724 1
189449 0 D231439 1
190365 0 D1111157 1
191192 0 D2115821 1
191285 0 D3126801 1
191597 0 D2718602 1
192221 0 D319064 1
192740 0 D1164559 1
192926 0 D526782 1
193082 0 D1270009 1
193502 0 D3228935 1
193548 0 D1800694 1
194369 0 D2137972 1
194542 0 D657092 1
194886 0 D1081 1
194958 0 D940568 1
195186 0 D3005535 1
195323 0 D108848 1
195532 0 D1980915 1
195680 0 D2030578 1
195763 0 D1082591 1
196598 0 D1904070 1
197943 0 D1979168 1
197997 0 D2416395 1
198260 0 D2860676 1
198449 0 D336183 1
198605 0 D884803 1
198685 0 D2285551 1
198985 0 D306398 1
199231 0 D2792626 1
201031 0 D280070 1
201344 0 D918716 1
201586 0 D2607889 1
202036 0 D3014979 1
202118 0 D1591020 1
202329 0 D3005496 1
203128 0 D1191938 1
203382 0 D1891056 1
203426 0 D2751894 1
204367 0 D807366 1
204837 0 D1929412 1
204875 0 D2903077 1
204945 0 D1313166 1
205119 0 D2783303 1
205364 0 D3054274 1
205552 0 D2377007 1
205561 0 D2687174 1
206333 0 D18464 1
206687 0 D2139056 1
206720 0 D954952 1
206884 0 D2478614 1
207098 0 D3190915 1
207640 0 D2441882 1
207721 0 D1063066 1
207812 0 D408922 1
208438 0 D544493 1
208521 0 D2551617 1
208768 0 D2818469 1
209650 0 D1172680 1
210005 0 D2623203 1
210254 0 D109134 1
210743 0 D2730000 1
211758 0 D2864064 1
212753 0 D2967898 1
213137 0 D1473832 1
215319 0 D2990426 1
216635 0 D1816493 1
217282 0 D462592 1
217720 0 D567453 1
217814 0 D571661 1
218793 0 D2392695 1
219634 0 D1554438 1
220280 0 D439490 1
220308 0 D3000988 1
220491 0 D3089738 1
221067 0 D1325854 1
225583 0 D922841 1
225967 0 D798747 1
226528 0 D1511232 1
228224 0 D1444200 1
228535 0 D1426020 1
228632 0 D629681 1
228921 0 D2837324 1
229339 0 D45686 1
230315 0 D733080 1
230428 0 D1748519 1
230454 0 D2326118 1
230526 0 D2864940 1
230943 0 D2729893 1
231584 0 D2917766 1
232762 0 D2783545 1
232854 0 D2889425 1
233690 0 D242537 1
233782 0 D613314 1
234084 0 D1704595 1
234107 0 D2674170 1
234115 0 D2490940 1
234145 0 D63154 1
234247 0 D587534 1
234454 0 D99189 1
235075 0 D1488345 1
236021 0 D602616 1
236385 0 D2044358 1
236400 0 D573899 1
236507 0 D806417 1
236644 0 D2697385 1
236699 0 D1574385 1
236905 0 D2978524 1
237716 0 D505193 1
237829 0 D2213899 1
237919 0 D356311 1
238263 0 D1898481 1
238571 0 D328021 1
239050 0 D42596 1
239955 0 D271234 1
240184 0 D17788 1
240306 0 D1592123 1
240343 0 D43876 1
241052 0 D611380 1
241069 0 D2813196 1
241640 0 D1548109 1
241935 0 D482852 1
242323 0 D1246456 1
242488 0 D2790918 1
242598 0 D3146133 1
242985 0 D194713 1
243370 0 D407068 1
244291 0 D2675401 1
244296 0 D176441 1
244361 0 D2669432 1
244511 0 D1449922 1
245695 0 D1101333 1
245907 0 D870584 1
246047 0 D2668023 1
246388 0 D572681 1
246520 0 D1971073 1
246800 0 D2811043 1
246971 0 D2864132 1
247235 0 D175045 1
247265 0 D22848 1
247929 0 D349068 1
248079 0 D577769 1
248557 0 D709228 1
249084 0 D594852 1
249404 0 D86146 1
249767 0 D127174 1
249823 0 D53515 1
250230 0 D654407 1
250356 0 D3062573 1
251024 0 D729594 1
251927 0 D151820 1
252043 0 D462764 1
252945 0 D1209853 1
252947 0 D640300 1
253227 0 D886643 1
253363 0 D1639012 1
253384 0 D905701 1
253726 0 D426350 1
253835 0 D809841 1
254266 0 D136343 1
254292 0 D1490109 1
254427 0 D241070 1
255164 0 D1586052 1
255643 0 D88879 1
256326 0 D1049810 1
256388 0 D974622 1
257528 0 D187780 1
257577 0 D2984718 1
257685 0 D130738 1
257845 0 D3017020 1
257928 0 D1203158 1
258463 0 D1071 1
258526 0 D1743429 1
258931 0 D3030002 1
259082 0 D49847 1
259255 0 D1465950 1
259883 0 D2163452 1
259921 0 D204530 1
260445 0 D2118339 1
260558 0 D45066 1
260823 0 D1920435 1
260834 0 D537725 1
261247 0 D3034947 1
261354 0 D2569756 1
261655 0 D654743 1
262637 0 D3064326 1
262917 0 D941966 1
262972 0 D3419 1
263336 0 D286865 1
263849 0 D1751120 1
264068 0 D20117 1
264104 0 D1566435 1
264461 0 D2787063 1
264878 0 D2172186 1
264925 0 D1073505 1
265327 0 D1874091 1
265520 0 D948771 1
266023 0 D833144 1
266595 0 D2401781 1
266792 0 D1221515 1
266897 0 D908106 1
267697 0 D3373 1
268618 0 D270947 1
268801 0 D2721472 1
268949 0 D2769224 1
269064 0 D3031919 1
269144 0 D1258958 1
269445 0 D3093366 1
269738 0 D741487 1
270077 0 D181821 1
270190 0 D3061588 1
272315 0 D261449 1
273214 0 D872470 1
273770 0 D428624 1
274729 0 D453151 1
274875 0 D877891 1
275188 0 D132380 1
275238 0 D156429 1
275479 0 D3207153 1
275564 0 D1281714 1
276417 0 D2716142 1
276504 0 D1888834 1
276637 0 D1625666 1
276655 0 D1880467 1
277292 0 D836299 1
277343 0 D2895867 1
277808 0 D2747457 1
277851 0 D719478 1
278549 0 D1830332 1
279089 0 D3230452 1
280625 0 D1951420 1
280850 0 D2774258 1
282154 0 D1739997 1
282317 0 D1565382 1
282613 0 D2226746 1
282688 0 D2075916 1
283578 0 D381884 1
283594 0 D380089 1
284111 0 D2641820 1
284994 0 D544628 1
285055 0 D933233 1
285519 0 D732516 1
286283 0 D191224 1
287374 0 D238544 1
287784 0 D2689535 1
288298 0 D41894 1
289014 0 D1914428 1
289156 0 D1867581 1
289590 0 D2241395 1
290502 0 D694335 1
290806 0 D2025150 1
290807 0 D2136802 1
291488 0 D2806206 1
291777 0 D603732 1
292030 0 D1053633 1
292135 0 D1761762 1
292633 0 D741209 1
293154 0 D2152242 1
293367 0 D130776 1
294173 0 D472062 1
294640 0 D3048507 1
295101 0 D3214809 1
295330 0 D2735571 1
295794 0 D909720 1
295903 0 D560999 1
296400 0 D1839367 1
296741 0 D2070926 1
296962 0 D3083031 1
297727 0 D2864576 1
297762 0 D413903 1
298883 0 D2522153 1
299132 0 D606789 1
299868 0 D682126 1
299875 0 D2753259 1
301126 0 D219429 1
302007 0 D1861457 1
302097 0 D2800333 1
302685 0 D373885 1
303025 0 D1072 1
303239 0 D2401364 1
303279 0 D502408 1
305771 0 D376932 1
306049 0 D3180830 1
306321 0 D1739934 1
307408 0 D696192 1
307728 0 D772839 1
307737 0 D1699364 1
308043 0 D1408254 1
308082 0 D465934 1
308189 0 D794579 1
308326 0 D875695 1
308439 0 D369256 1
308459 0 D3121684 1
309786 0 D3039239 1
309869 0 D171961 1
309895 0 D2039749 1
310454 0 D380989 1
310729 0 D1257031 1
311792 0 D300935 1
312405 0 D56013 1
314269 0 D235074 1
314636 0 D2743515 1
314754 0 D57923 1
314853 0 D1765212 1
315486 0 D554737 1
316072 0 D1169632 1
316676 0 D986676 1
317137 0 D660522 1
317189 0 D937690 1
317972 0 D2347212 1
318306 0 D1653277 1
318359 0 D2436432 1
318611 0 D2319784 1
318642 0 D325038 1
318788 0 D483942 1
319402 0 D2289746 1
319487 0 D1339207 1
319680 0 D2992001 1
320409 0 D592082 1
320985 0 D2265953 1
320992 0 D1714857 1
321245 0 D2345406 1
321376 0 D2632563 1
321415 0 D1829693 1
321526 0 D91518 1
321986 0 D2351593 1
322686 0 D3506 1
324201 0 D1351953 1
324783 0 D180187 1
324868 0 D146594 1
325011 0 D1634401 1
325161 0 D957601 1
325269 0 D250899 1
325290 0 D1109474 1
325766 0 D35916 1
325823 0 D1690633 1
325930 0 D11510 1
326485 0 D49878 1
326781 0 D41601 1
327163 0 D1897534 1
327770 0 D3007844 1
327959 0 D1619064 1
328441 0 D219926 1
328499 0 D317456 1
329653 0 D2429949 1
329684 0 D2868830 1
329995 0 D203814 1
330045 0 D1890839 1
330620 0 D69864 1
331435 0 D406593 1
331534 0 D85788 1
331844 0 D2669971 1
332421 0 D1668318 1
332957 0 D765161 1
333144 0 D143006 1
333823 0 D2577114 1
334286 0 D2879163 1
334953 0 D2299693 1
335865 0 D656980 1
336847 0 D2707476 1
336906 0 D1783349 1
337327 0 D2810101 1
338018 0 D785868 1
338076 0 D1915127 1
338495 0 D210145 1
339032 0 D3040784 1
339459 0 D1856669 1
339974 0 D2398573 1
340428 0 D165610 1
340677 0 D3022752 1
340694 0 D1408601 1
340833 0 D1436581 1
340834 0 D2777419 1
340874 0 D643075 1
340960 0 D2027125 1
341005 0 D491340 1
341379 0 D3048593 1
342617 0 D2136185 1
344638 0 D1377862 1
345630 0 D1998289 1
346690 0 D2449324 1
347409 0 D685634 1
349523 0 D1026500 1
349592 0 D68328 1
351053 0 D783531 1
351298 0 D3138016 1
351803 0 D2917437 1
352397 0 D717367 1
354716 0 D2668759 1
355680 0 D2682804 1
356224 0 D2144930 1
357765 0 D351032 1
360928 0 D1805002 1
361308 0 D197431 1
361889 0 D2863392 1
362597 0 D2433768 1
364902 0 D2607069 1
365053 0 D281839 1
365074 0 D824409 1
366083 0 D3067195 1
366418 0 D2752978 1
367140 0 D1866063 1
367201 0 D3051141 1
367393 0 D2673276 1
369080 0 D2711536 1
369611 0 D203218 1
371444 0 D2876567 1
372316 0 D701913 1
372454 0 D2952601 1
372924 0 D2932376 1
378189 0 D3058986 1
379844 0 D1014340 1
380003 0 D1350181 1
380447 0 D1307115 1
381052 0 D89228 1
382936 0 D2959992 1
383104 0 D1093384 1
383722 0 D352530 1
385944 0 D1350748 1
387190 0 D692664 1
389617 0 D708603 1
390056 0 D694349 1
390534 0 D1106772 1
390601 0 D2893450 1
390686 0 D576544 1
391173 0 D536049 1
391566 0 D3225629 1
391998 0 D585144 1
392161 0 D829705 1
392795 0 D1030713 1
392803 0 D967964 1
392944 0 D258824 1
395090 0 D90844 1
395146 0 D1055774 1
395824 0 D633599 1
395877 0 D321976 1
395920 0 D907505 1
396066 0 D3129175 1
396202 0 D169882 1
397226 0 D1451860 1
397977 0 D1318358 1
398007 0 D31398 1
398158 0 D1392968 1
400342 0 D2890979 1
400413 0 D470890 1
401029 0 D980 1
401141 0 D297518 1
402105 0 D1636851 1
402221 0 D627060 1
403708 0 D666403 1
403818 0 D1174313 1
403831 0 D1170818 1
405457 0 D1287668 1
405632 0 D1355269 1
405743 0 D906143 1
406189 0 D816698 1
406329 0 D3125520 1
406612 0 D3204403 1
407170 0 D473758 1
407643 0 D1415504 1
408867 0 D1411344 1
409247 0 D1091615 1
409428 0 D916140 1
409772 0 D823773 1
409950 0 D813207 1
410452 0 D3203356 1
410471 0 D626069 1
410512 0 D2806599 1
410959 0 D735974 1
411091 0 D2610553 1
411576 0 D447139 1
411962 0 D91705 1
412404 0 D3123525 1
412790 0 D274491 1
413126 0 D311630 1
413132 0 D105968 1
413234 0 D515055 1
413441 0 D635202 1
413541 0 D230384 1
413881 0 D529929 1
414782 0 D224208 1
415595 0 D824131 1
415670 0 D245928 1
415702 0 D345339 1
416198 0 D1175085 1
416830 0 D1327188 1
417210 0 D718997 1
417484 0 D552865 1
417495 0 D695980 1
417646 0 D483985 1
418587 0 D419019 1
418699 0 D740978 1
419651 0 D3093642 1
421043 0 D926849 1
421578 0 D158525 1
421829 0 D3165282 1
421877 0 D925999 1
422735 0 D1143640 1
423795 0 D191636 1
423813 0 D2381489 1
423921 0 D1142245 1
424091 0 D147125 1
424097 0 D899534 1
425592 0 D664607 1
426331 0 D1930973 1
426936 0 D488203 1
427116 0 D989199 1
427225 0 D2400867 1
427410 0 D850862 1
427924 0 D937340 1
428068 0 D880403 1
428245 0 D1001252 1
429033 0 D189691 1
429669 0 D2539058 1
429929 0 D2928179 1
430070 0 D3196192 1
430176 0 D1439632 1
430611 0 D196478 1
431279 0 D3214730 1
431293 0 D1090970 1
431771 0 D664304 1
431843 0 D607081 1
431874 0 D378037 1
432688 0 D300264 1
432707 0 D170231 1
433593 0 D218627 1
433901 0 D1770088 1
434323 0 D1179267 1
435095 0 D113671 1
435168 0 D85821 1
435275 0 D780317 1
435393 0 D1157349 1
436254 0 D11470 1
436398 0 D327153 1
436891 0 D477434 1
437346 0 D240330 1
437974 0 D31087 1
438129 0 D2062989 1
439681 0 D2654767 1
439921 0 D1416495 1
439942 0 D722747 1
440495 0 D460956 1
440755 0 D2850434 1
442426 0 D84745 1
442545 0 D651394 1
444815 0 D109401 1
444908 0 D963596 1
444978 0 D1400541 1
445263 0 D883815 1
445325 0 D705554 1
445572 0 D1354716 1
445915 0 D906892 1
446470 0 D3099692 1
446540 0 D502820 1
446985 0 D1748256 1
447051 0 D3203129 1
447132 0 D987476 1
447451 0 D3161359 1
447938 0 D611635 1
448359 0 D1441288 1
448659 0 D1543652 1
448677 0 D248370 1
449175 0 D3198790 1
449282 0 D1104238 1
449385 0 D900204 1
449410 0 D2491179 1
449681 0 D912872 1
449684 0 D770653 1
450167 0 D1395670 1
450609 0 D745332 1
451078 0 D135094 1
451098 0 D2849495 1
451115 0 D425600 1
451985 0 D586378 1
452075 0 D340550 1
452399 0 D206265 1
452933 0 D1324746 1
453124 0 D661419 1
453362 0 D1340781 1
453426 0 D191842 1
453515 0 D473780 1
453617 0 D434587 1
454266 0 D1221551 1
454739 0 D402511 1
455269 0 D1407926 1
455392 0 D1362099 1
455539 0 D608503 1
455826 0 D99753 1
455834 0 D108868 1
456004 0 D420298 1
456035 0 D255885 1
456212 0 D1543193 1
456969 0 D1418125 1
457821 0 D2822980 1
458267 0 D569314 1
460293 0 D2778911 1
460883 0 D136785 1
461102 0 D1316380 1
461293 0 D441348 1
461388 0 D895648 1
461748 0 D1262636 1
462684 0 D2305013 1
463475 0 D3190555 1
463520 0 D74994 1
463996 0 D212242 1
464370 0 D1984684 1
465186 0 D90076 1
465382 0 D711387 1
465438 0 D735644 1
465981 0 D594249 1
465996 0 D984678 1
466108 0 D2478252 1
466357 0 D879276 1
466468 0 D243471 1
467233 0 D1110812 1
467318 0 D2884936 1
467410 0 D1251599 1
467653 0 D1262231 1
467830 0 D70514 1
468638 0 D328336 1
469512 0 D558438 1
470017 0 D421150 1
470428 0 D796291 1
470560 0 D641612 1
470601 0 D2549422 1
471381 0 D575650 1
471630 0 D2925537 1
471765 0 D993082 1
471795 0 D451372 1
472345 0 D473851 1
472575 0 D3161230 1
472579 0 D603680 1
472858 0 D296780 1
474933 0 D96223 1
476090 0 D764341 1
476744 0 D125553 1
476826 0 D95961 1
477020 0 D1197337 1
477198 0 D830411 1
477720 0 D1337489 1
477897 0 D776801 1
477912 0 D1304241 1
477936 0 D515325 1
478984 0 D401334 1
479051 0 D2235023 1
479236 0 D573948 1
479735 0 D2823907 1
479882 0 D2882888 1
480006 0 D306367 1
481360 0 D1005364 1
481376 0 D857691 1
481414 0 D558612 1
481764 0 D1159708 1
481824 0 D762064 1
482262 0 D3154182 1
482287 0 D680324 1
482388 0 D691071 1
483576 0 D1033935 1
483659 0 D44886 1
484749 0 D842116 1
486295 0 D3180610 1
487249 0 D88108 1
488100 0 D555986 1
488441 0 D139124 1
488479 0 D1103746 1
488597 0 D335994 1
488935 0 D3036370 1
489919 0 D57133 1
490210 0 D1073020 1
490563 0 D3165716 1
490909 0 D2109134 1
490972 0 D2818028 1
491767 0 D362902 1
492265 0 D1966665 1
492425 0 D3105477 1
492560 0 D455008 1
492785 0 D1399657 1
493362 0 D166760 1
493550 0 D307355 1
493638 0 D110512 1
493748 0 D384009 1
493850 0 D3201863 1
494472 0 D1452147 1
494933 0 D1048332 1
495106 0 D549068 1
496464 0 D1012855 1
496802 0 D54436 1
497338 0 D592213 1
498201 0 D1503092 1
498418 0 D116551 1
499288 0 D3159690 1
501275 0 D2823105 1
501348 0 D802301 1
501925 0 D883368 1
502322 0 D422710 1
502692 0 D559895 1
502924 0 D1189235 1
504740 0 D173261 1
504860 0 D256127 1
504862 0 D806989 1
504900 0 D40218 1
505000 0 D651944 1
506126 0 D604021 1
506173 0 D101721 1
506865 0 D768313 1
507339 0 D646492 1
507353 0 D751780 1
508090 0 D1095335 1
508410 0 D3189095 1
508433 0 D1892216 1
509651 0 D859202 1
509734 0 D685706 1
509827 0 D1150277 1
509980 0 D2362488 1
510661 0 D478092 1
510779 0 D1317521 1
510998 0 D691658 1
512221 0 D343785 1
513198 0 D595590 1
513592 0 D758717 1
514308 0 D191155 1
515030 0 D1174732 1
515341 0 D790973 1
515523 0 D273669 1
515544 0 D3222787 1
515599 0 D828778 1
515607 0 D3214356 1
516189 0 D1087276 1
516337 0 D751055 1
516529 0 D19398 1
516658 0 D222132 1
516724 0 D672821 1
516998 0 D605054 1
517028 0 D676383 1
517044 0 D1799104 1
517782 0 D948636 1
517823 0 D1276901 1
518111 0 D602204 1
518813 0 D1926467 1
518956 0 D1258444 1
519328 0 D110170 1
519777 0 D619056 1
519945 0 D337416 1
520043 0 D2970299 1
520461 0 D1409909 1
520571 0 D323488 1
522664 0 D994452 1
522794 0 D1222802 1
522972 0 D74274 1
523080 0 D566324 1
523350 0 D63634 1
523488 0 D986672 1
523617 0 D784499 1
523787 0 D913633 1
524131 0 D681606 1
524288 0 D100829 1
524572 0 D1438600 1
525036 0 D480116 1
525093 0 D95233 1
525304 0 D1363351 1
525356 0 D255013 1
525487 0 D3115397 1
526722 0 D2662781 1
526801 0 D1434987 1
526957 0 D1176924 1
527350 0 D1323725 1
527374 0 D3145681 1
527629 0 D177941 1
527879 0 D3123647 1
528202 0 D279496 1
528625 0 D3146023 1
529259 0 D404132 1
529945 0 D3222926 1
530123 0 D316245 1
530256 0 D1040028 1
530893 0 D192279 1
531158 0 D907491 1
531318 0 D110984 1
531521 0 D293529 1
532018 0 D114938 1
532537 0 D3181802 1
533154 0 D572771 1
533855 0 D698705 1
534081 0 D221629 1
534257 0 D307212 1
534734 0 D731960 1
535473 0 D131945 1
536152 0 D365251 1
536175 0 D1512659 1
536393 0 D524212 1
537079 0 D2816709 1
537270 0 D649118 1
537371 0 D2888115 1
537453 0 D218789 1
537643 0 D2289517 1
538172 0 D1456407 1
538184 0 D2634697 1
538193 0 D2361410 1
538352 0 D2175436 1
538888 0 D2451897 1
539012 0 D1431666 1
539418 0 D884438 1
539441 0 D2920593 1
539895 0 D292483 1
540059 0 D3220403 1
540097 0 D628123 1
540124 0 D1164610 1
540633 0 D2954327 1
540712 0 D3173061 1
541353 0 D607960 1
541437 0 D631772 1
542875 0 D1327111 1
543503 0 D1003329 1
543802 0 D1920974 1
544377 0 D2874688 1
545331 0 D1135805 1
545422 0 D1153574 1
546631 0 D472865 1
546851 0 D814607 1
546891 0 D355679 1
547130 0 D232659 1
549268 0 D65268 1
549522 0 D1282771 1
549546 0 D2005395 1
549635 0 D748776 1
550490 0 D590292 1
551228 0 D713133 1
551424 0 D1202589 1
551570 0 D1099115 1
551619 0 D176862 1
551781 0 D3152272 1
551843 0 D398057 1
552123 0 D3096593 1
552300 0 D352897 1
552398 0 D2655863 1
552403 0 D536363 1
553948 0 D145559 1
555010 0 D1900688 1
555658 0 D402384 1
555714 0 D969022 1
556725 0 D722010 1
556857 0 D399153 1
556898 0 D1345561 1
557015 0 D794376 1
557324 0 D648894 1
557369 0 D292405 1
558359 0 D1282578 1
558813 0 D488889 1
559241 0 D18426 1
559428 0 D119676 1
559855 0 D480766 1
559868 0 D168703 1
560072 0 D1165399 1
560421 0 D945385 1
561899 0 D246217 1
562351 0 D1757524 1
562979 0 D2894513 1
563076 0 D1576788 1
563149 0 D1798205 1
563212 0 D492340 1
563514 0 D880333 1
563829 0 D128246 1
564102 0 D48640 1
564676 0 D562778 1
564720 0 D147157 1
564895 0 D1403408 1
565254 0 D4729 1
565371 0 D1845480 1
565405 0 D1443061 1
565541 0 D298464 1
565652 0 D1346058 1
565823 0 D219779 1
566008 0 D835250 1
566435 0 D2926567 1
566972 0 D92818 1
567294 0 D181694 1
567778 0 D595459 1
567866 0 D128708 1
567891 0 D34912 1
568428 0 D1141766 1
568872 0 D847635 1
568911 0 D3239403 1
569309 0 D437489 1
569554 0 D436015 1
569687 0 D103018 1
570232 0 D1233298 1
570451 0 D1360432 1
572077 0 D528801 1
572211 0 D467712 1
572380 0 D541715 1
572428 0 D796498 1
572776 0 D358315 1
572918 0 D504101 1
573609 0 D1685797 1
573802 0 D755377 1
573849 0 D1440399 1
574167 0 D786187 1
574222 0 D2879047 1
574419 0 D2022990 1
574701 0 D69499 1
574876 0 D720687 1
575054 0 D907656 1
575234 0 D1160155 1
575626 0 D756789 1
575759 0 D92682 1
575793 0 D886413 1
576246 0 D254631 1
576346 0 D363322 1
576840 0 D728460 1
576879 0 D2501588 1
577414 0 D1016835 1
579094 0 D870873 1
579302 0 D646905 1
579308 0 D435245 1
579512 0 D495208 1
579527 0 D80499 1
579569 0 D292422 1
580195 0 D1730079 1
580414 0 D1353509 1
580523 0 D907198 1
580658 0 D2012484 1
581022 0 D1481571 1
581046 0 D377128 1
581577 0 D3114393 1
581696 0 D2535920 1
581732 0 D1850050 1
582139 0 D1053113 1
582304 0 D284378 1
582581 0 D3135535 1
583346 0 D843582 1
583870 0 D308623 1
583874 0 D645461 1
584028 0 D1113315 1
584570 0 D271736 1
584587 0 D2365215 1
584770 0 D738632 1
585042 0 D2389865 1
585384 0 D692001 1
585600 0 D199060 1
585641 0 D1769239 1
585849 0 D178761 1
585975 0 D551915 1
586102 0 D828540 1
586324 0 D141937 1
587274 0 D1211541 1
588040 0 D921399 1
588138 0 D167756 1
588159 0 D577979 1
588648 0 D146404 1
588909 0 D164418 1
588919 0 D575819 1
589288 0 D2636063 1
590113 0 D1095013 1
590229 0 D109363 1
590291 0 D320683 1
590568 0 D1376359 1
590595 0 D2302153 1
590994 0 D3186172 1
591311 0 D20766 1
591403 0 D647225 1
591753 0 D778246 1
592382 0 D584129 1
592441 0 D562845 1
592555 0 D128806 1
592588 0 D540279 1
593094 0 D73385 1
593414 0 D813714 1
593825 0 D180789 1
593972 0 D522101 1
594163 0 D88523 1
594249 0 D122936 1
594510 0 D1022761 1
594818 0 D712080 1
595855 0 D511340 1
596663 0 D147865 1
597529 0 D2094760 1
597606 0 D2962617 1
598247 0 D3217093 1
598384 0 D155463 1
598488 0 D99377 1
599463 0 D2547841 1
599676 0 D3228822 1
600480 0 D422555 1
600533 0 D456211 1
600620 0 D876672 1
601073 0 D482005 1
601167 0 D2893694 1
601559 0 D184041 1
601655 0 D1226721 1
602050 0 D289540 1
602154 0 D190264 1
602258 0 D1060376 1
602464 0 D130208 1
603578 0 D559910 1
604137 0 D2878880 1
604199 0 D170772 1
604211 0 D1392032 1
604353 0 D1441639 1
604498 0 D650158 1
604898 0 D587423 1
605024 0 D392349 1
605058 0 D1127090 1
605165 0 D423743 1
605317 0 D99003 1
605364 0 D2074136 1
605411 0 D331325 1
605515 0 D1097488 1
605801 0 D911618 1
606312 0 D2560563 1
606403 0 D617140 1
606867 0 D610409 1
607049 0 D157380 1
607118 0 D795814 1
607295 0 D2614597 1
607396 0 D1381353 1
607418 0 D1379428 1
607515 0 D1739666 1
607743 0 D782113 1
608577 0 D271652 1
608973 0 D1300420 1
608979 0 D612025 1
609152 0 D3159183 1
609247 0 D457545 1
609326 0 D859253 1
609338 0 D620415 1
609648 0 D716355 1
609715 0 D2818104 1
609845 0 D508534 1
611251 0 D269303 1
611565 0 D592098 1
611645 0 D687971 1
611690 0 D500435 1
611999 0 D3059852 1
612121 0 D475966 1
612691 0 D772794 1
612859 0 D199886 1
612983 0 D773469 1
613036 0 D1164501 1
613267 0 D749651 1
614157 0 D828871 1
614365 0 D1176822 1
614416 0 D834478 1
614687 0 D2099354 1
615601 0 D70024 1
615993 0 D353835 1
616206 0 D658129 1
616271 0 D1076777 1
616719 0 D750573 1
616939 0 D234059 1
617023 0 D1359633 1
617119 0 D651221 1
619386 0 D177155 1
619619 0 D476771 1
620540 0 D3229370 1
620604 0 D330815 1
621357 0 D189859 1
622606 0 D3238293 1
622854 0 D2878446 1
623274 0 D258609 1
623695 0 D888725 1
623780 0 D1081693 1
623945 0 D1355205 1
625236 0 D738303 1
625582 0 D443396 1
626717 0 D1457429 1
627311 0 D1304578 1
627871 0 D349188 1
629378 0 D2414999 1
630623 0 D90128 1
630690 0 D2885317 1
631176 0 D776049 1
631413 0 D59874 1
632074 0 D138163 1
632608 0 D117515 1
633278 0 D3177146 1
633798 0 D154304 1
634068 0 D295403 1
634081 0 D1198203 1
634142 0 D645259 1
634971 0 D81901 1
635206 0 D229019 1
636399 0 D344044 1
636482 0 D491032 1
636535 0 D271332 1
636855 0 D1043002 1
636976 0 D272308 1
637016 0 D661668 1
637049 0 D63890 1
637324 0 D3108518 1
637378 0 D986029 1
637654 0 D66442 1
637702 0 D1422024 1
638192 0 D1048009 1
638489 0 D972650 1
638677 0 D155037 1
638837 0 D1098326 1
639201 0 D812142 1
639810 0 D402079 1
639924 0 D631805 1
640056 0 D198987 1
640097 0 D459431 1
640569 0 D969664 1
641376 0 D196573 1
641928 0 D93738 1
642181 0 D189698 1
642390 0 D216089 1
642886 0 D1256002 1
643202 0 D3194200 1
643305 0 D527194 1
643479 0 D2918550 1
643490 0 D330351 1
643568 0 D108719 1
644489 0 D3099211 1
645189 0 D429881 1
645603 0 D2918343 1
646016 0 D2449936 1
646054 0 D402093 1
646250 0 D3099650 1
646316 0 D94508 1
646848 0 D715287 1
647014 0 D3163947 1
647075 0 D1010759 1
647079 0 D984837 1
647295 0 D315948 1
647478 0 D1118734 1
647961 0 D963990 1
648062 0 D1047611 1
648376 0 D183800 1
648459 0 D911523 1
648795 0 D77302 1
648811 0 D803145 1
648986 0 D1085350 1
649315 0 D1213405 1
649387 0 D2224983 1
649535 0 D282933 1
650061 0 D2067692 1
650278 0 D1515799 1
650773 0 D153130 1
650857 0 D443562 1
651293 0 D935995 1
651410 0 D701900 1
651466 0 D960217 1
651865 0 D1816881 1
652335 0 D413040 1
652537 0 D186597 1
653256 0 D260458 1
653334 0 D623749 1
653960 0 D602685 1
656047 0 D1354365 1
656504 0 D1064002 1
656710 0 D2836728 1
656869 0 D1390584 1
657805 0 D235282 1
657934 0 D313307 1
658052 0 D298165 1
658714 0 D260661 1
659065 0 D11879 1
659393 0 D286876 1
659478 0 D3139992 1
659980 0 D506872 1
660178 0 D1336687 1
660271 0 D1053372 1
660668 0 D797777 1
660705 0 D277141 1
661286 0 D441080 1
661357 0 D541141 1
661488 0 D2883902 1
661665 0 D790316 1
662051 0 D167414 1
663126 0 D562020 1
663237 0 D2835934 1
663307 0 D2665854 1
663650 0 D758802 1
663999 0 D706876 1
664402 0 D1149660 1
664463 0 D76739 1
664553 0 D505940 1
664633 0 D612953 1
664901 0 D2990682 1
665080 0 D1071657 1
665607 0 D687786 1
665892 0 D1407696 1
666829 0 D22828 1
667094 0 D869313 1
669765 0 D1269619 1
669940 0 D898894 1
670327 0 D301394 1
670857 0 D582753 1
670877 0 D710870 1
671022 0 D3145240 1
671524 0 D1222276 1
671933 0 D253381 1
672234 0 D920538 1
672269 0 D384171 1
672368 0 D1059108 1
672605 0 D108907 1
672788 0 D691876 1
674875 0 D1434232 1
674936 0 D297854 1
674948 0 D2898956 1
675016 0 D662672 1
675310 0 D1305706 1
675650 0 D898704 1
676465 0 D787561 1
677151 0 D1781046 1
677582 0 D596647 1
677742 0 D194760 1
678136 0 D1114065 1
678298 0 D1220919 1
678345 0 D1378544 1
678566 0 D149425 1
678622 0 D1154698 1
678683 0 D3095285 1
678868 0 D257073 1
678941 0 D505241 1
679304 0 D964409 1
679434 0 D256580 1
679523 0 D1283732 1
680232 0 D3199373 1
680370 0 D455564 1
681525 0 D479836 1
681801 0 D1184277 1
681810 0 D1328503 1
682011 0 D265002 1
682267 0 D1405871 1
682359 0 D267604 1
683068 0 D654752 1
683670 0 D566279 1
684252 0 D721301 1
684875 0 D648898 1
684931 0 D3123391 1
685077 0 D1116160 1
685432 0 D3493228 1
686294 0 D1176517 1
686508 0 D3145829 1
686844 0 D299809 1
686893 0 D637344 1
687027 0 D1158562 1
687090 0 D552525 1
687163 0 D432354 1
687360 0 D2559225 1
687866 0 D274478 1
687961 0 D650798 1
688727 0 D1010465 1
688812 0 D1393721 1
689029 0 D1155213 1
689452 0 D894625 1
689632 0 D1264988 1
689653 0 D81162 1
690403 0 D882840 1
691349 0 D281777 1
691657 0 D1156014 1
691728 0 D1080496 1
691917 0 D86983 1
693389 0 D893118 1
694368 0 D232714 1
694512 0 D2473621 1
694756 0 D26667 1
694948 0 D618156 1
695036 0 D1199055 1
695491 0 D99984 1
697038 0 D1356376 1
697353 0 D847469 1
697856 0 D62745 1
697974 0 D1306007 1
698020 0 D116549 1
698025 0 D1294889 1
698176 0 D281021 1
698759 0 D20497 1
699921 0 D682742 1
700269 0 D113299 1
700334 0 D74005 1
700395 0 D3144724 1
700766 0 D505714 1
700844 0 D1364377 1
700870 0 D164382 1
702154 0 D585905 1
702360 0 D570410 1
702814 0 D81733 1
704130 0 D1254949 1
704288 0 D842405 1
704394 0 D818155 1
704474 0 D869960 1
705383 0 D593674 1
705443 0 D1341601 1
705662 0 D572150 1
705845 0 D3175312 1
706640 0 D3181989 1
706728 0 D3224616 1
707701 0 D3125341 1
707852 0 D1028179 1
708315 0 D3177154 1
708672 0 D1210269 1
709064 0 D958889 1
709230 0 D1080548 1
709612 0 D1332663 1
709915 0 D573488 1
710480 0 D413250 1
710737 0 D378437 1
710902 0 D727657 1
711214 0 D1013957 1
711661 0 D450612 1
711725 0 D1049504 1
711960 0 D552471 1
711973 0 D526595 1
712075 0 D653696 1
712124 0 D1724898 1
712290 0 D284242 1
712523 0 D980024 1
713079 0 D155928 1
713199 0 D357010 1
714208 0 D1319603 1
714880 0 D624885 1
715222 0 D1123523 1
715821 0 D1441519 1
715984 0 D375051 1
716122 0 D1318570 1
716149 0 D3102525 1
716781 0 D621139 1
717674 0 D1266103 1
717828 0 D1075512 1
718467 0 D3186979 1
718519 0 D2874764 1
718837 0 D1177956 1
718918 0 D112332 1
721823 0 D395010 1
721893 0 D2910313 1
721960 0 D97837 1
722356 0 D1328123 1
722500 0 D3152113 1
722680 0 D970973 1
722686 0 D1093246 1
722928 0 D255251 1
723727 0 D974909 1
724425 0 D844847 1
725152 0 D623277 1
725627 0 D707575 1
725865 0 D2976731 1
725988 0 D736984 1
726360 0 D603990 1
726726 0 D1392995 1
726975 0 D673406 1
727011 0 D154303 1
727769 0 D271397 1
728063 0 D1434800 1
728319 0 D135357 1
729004 0 D308268 1
730172 0 D1261975 1
730205 0 D115870 1
730327 0 D1179781 1
730404 0 D479232 1
730476 0 D2121724 1
731128 0 D2827699 1
731140 0 D682850 1
731325 0 D355158 1
731744 0 D230917 1
731752 0 D503839 1
732243 0 D3106963 1
732317 0 D878195 1
732758 0 D1236857 1
732872 0 D389342 1
733034 0 D971333 1
733447 0 D1304199 1
733689 0 D1444693 1
733841 0 D256928 1
733889 0 D197274 1
733943 0 D99987 1
735194 0 D108472 1
735604 0 D1032193 1
735750 0 D70823 1
736363 0 D1409140 1
736383 0 D625589 1
736534 0 D743969 1
736705 0 D138587 1
736715 0 D1141336 1
736893 0 D64511 1
737244 0 D128859 1
737983 0 D297179 1
738073 0 D47641 1
738329 0 D840374 1
739067 0 D1211486 1
740157 0 D150682 1
740387 0 D3218954 1
740934 0 D94514 1
741577 0 D268072 1
741796 0 D779139 1
742086 0 D825762 1
742248 0 D1109334 1
742489 0 D2823774 1
742703 0 D118144 1
743599 0 D513729 1
743890 0 D247284 1
744351 0 D930228 1
744787 0 D2927898 1
745186 0 D77794 1
745327 0 D2399349 1
745567 0 D172462 1
746174 0 D2823626 1
746210 0 D2822834 1
746212 0 D479611 1
746608 0 D2928935 1
748200 0 D3198234 1
748307 0 D1206309 1
749236 0 D633440 1
749333 0 D3049951 1
749677 0 D174385 1
749796 0 D436416 1
749940 0 D730030 1
750208 0 D154630 1
750283 0 D450101 1
750401 0 D298546 1
751213 0 D372983 1
751468 0 D2879114 1
751975 0 D2540398 1
751998 0 D82989 1
752147 0 D429425 1
752211 0 D2014503 1
752580 0 D1266322 1
752881 0 D311544 1
754160 0 D548106 1
754392 0 D202590 1
754842 0 D1408142 1
755346 0 D676085 1
755374 0 D998552 1
755389 0 D1433054 1
755664 0 D1191844 1
755793 0 D330759 1
756326 0 D1255515 1
757122 0 D354040 1
757518 0 D794212 1
757656 0 D1370521 1
758276 0 D1242741 1
759066 0 D160892 1
759933 0 D903293 1
760375 0 D30825 1
760606 0 D1298963 1
760764 0 D1757260 1
761043 0 D2145154 1
761904 0 D2534922 1
762210 0 D873742 1
762314 0 D1801843 1
762321 0 D1979506 1
762366 0 D1303125 1
762552 0 D2258762 1
763322 0 D1780511 1
763605 0 D2417547 1
764242 0 D1824816 1
764563 0 D2895500 1
765023 0 D853940 1
765389 0 D454223 1
765763 0 D1162306 1
765823 0 D270693 1
766172 0 D2083355 1
766526 0 D582064 1
767170 0 D653326 1
767699 0 D2240002 1
767768 0 D1920311 1
767970 0 D1835367 1
768728 0 D1735633 1
768761 0 D466197 1
768971 0 D1485565 1
769243 0 D338534 1
769325 0 D77896 1
769502 0 D2740 1
769615 0 D1550025 1
770203 0 D1722289 1
771072 0 D1814469 1
771207 0 D2233043 1
771404 0 D153340 1
771467 0 D67489 1
772061 0 D109805 1
772137 0 D856378 1
772166 0 D1748961 1
772211 0 D1690161 1
772215 0 D1527895 1
772585 0 D1467280 1
772724 0 D371430 1
773502 0 D1250902 1
773548 0 D2570245 1
774031 0 D1552670 1
774241 0 D2301262 1
774315 0 D2255058 1
774559 0 D1486594 1
774568 0 D2242913 1
774861 0 D161442 1
775074 0 D1933111 1
775112 0 D1608779 1
775176 0 D653664 1
775354 0 D2034621 1
776716 0 D1697430 1
776943 0 D2067893 1
777080 0 D1815483 1
777333 0 D60767 1
778382 0 D1774340 1
778385 0 D1237305 1
778419 0 D409795 1
778454 0 D2146513 1
778899 0 D2519325 1
779184 0 D952298 1
779394 0 D502850 1
779864 0 D564073 1
779933 0 D1794429 1
780026 0 D862905 1
780054 0 D1609792 1
780478 0 D136319 1
780596 0 D37553 1
781265 0 D1792995 1
782711 0 D897139 1
783027 0 D917355 1
783586 0 D2967078 1
784043 0 D1652459 1
784306 0 D2487429 1
784626 0 D1857552 1
784695 0 D1695137 1
784893 0 D2005091 1
785391 0 D2260623 1
785801 0 D203751 1
785865 0 D2442658 1
785896 0 D1922676 1
786160 0 D764259 1
786563 0 D2011803 1
786783 0 D769462 1
786891 0 D2137093 1
786922 0 D2276703 1
787020 0 D110535 1
787125 0 D2128309 1
787721 0 D1994117 1
787936 0 D2248716 1
788047 0 D2031546 1
789517 0 D130830 1
789705 0 D702181 1
789720 0 D1465392 1
790132 0 D1603890 1
790157 0 D1970713 1
790369 0 D2039182 1
791412 0 D330219 1
791846 0 D2369909 1
792289 0 D591485 1
793256 0 D1792386 1
793288 0 D1231637 1
793505 0 D2972746 1
794133 0 D2359211 1
794371 0 D2011702 1
795148 0 D2532052 1
795275 0 D1830447 1
795341 0 D2360753 1
795462 0 D1846150 1
795480 0 D2896112 1
796194 0 D1789550 1
796350 0 D646804 1
796450 0 D1918297 1
796472 0 D2521670 1
796861 0 D2451026 1
796876 0 D173107 1
797765 0 D1767696 1
797822 0 D2451385 1
798037 0 D1696157 1
798323 0 D2943157 1
798523 0 D1500231 1
798567 0 D2080460 1
799281 0 D174049 1
799430 0 D1841341 1
799521 0 D810589 1
799916 0 D2517746 1
800707 0 D1434883 1
802448 0 D2904554 1
802983 0 D1477069 1
803181 0 D1967324 1
804075 0 D1707446 1
804410 0 D221369 1
804478 0 D957910 1
804583 0 D195768 1
804622 0 D724854 1
805332 0 D1689592 1
806380 0 D2659515 1
806608 0 D1471985 1
806672 0 D2438621 1
806788 0 D1653251 1
807627 0 D1642306 1
807949 0 D1800030 1
808328 0 D2408052 1
808474 0 D2662096 1
808506 0 D2417549 1
808569 0 D2027531 1
808860 0 D1603304 1
808971 0 D1564110 1
809024 0 D1923774 1
809503 0 D2280258 1
809567 0 D2443672 1
809641 0 D1659271 1
809947 0 D2088553 1
810051 0 D589719 1
810598 0 D1235271 1
812614 0 D2901967 1
813430 0 D2349213 1
813798 0 D1868552 1
814087 0 D591996 1
814337 0 D1686233 1
815223 0 D2138671 1
815652 0 D1852155 1
816051 0 D1768172 1
816097 0 D7206 1
816149 0 D409115 1
816363 0 D1958531 1
816455 0 D1953080 1
817394 0 D2846971 1
817691 0 D1755932 1
817999 0 D1779963 1
818489 0 D2432010 1
818579 0 D1682363 1
819018 0 D2095782 1
819787 0 D2609781 1
820346 0 D2085662 1
820518 0 D146045 1
821208 0 D1632814 1
821233 0 D2387438 1
821252 0 D335564 1
821544 0 D2839212 1
822057 0 D1520832 1
822436 0 D2182873 1
822816 0 D11709 1
823570 0 D1360222 1
823643 0 D1863588 1
823885 0 D78784 1
824711 0 D2083723 1
824876 0 D15305 1
825218 0 D1857276 1
825483 0 D2856976 1
827380 0 D2213836 1
827395 0 D45529 1
827448 0 D154639 1
827481 0 D2609254 1
827766 0 D794387 1
827805 0 D1881517 1
827889 0 D2346698 1
827959 0 D2514629 1
827960 0 D2911962 1
828028 0 D2086511 1
829038 0 D2281844 1
829371 0 D2291241 1
829428 0 D1466827 1
829719 0 D749766 1
830029 0 D1249332 1
830104 0 D57107 1
830200 0 D340608 1
830451 0 D158489 1
831186 0 D611895 1
831250 0 D2266785 1
831328 0 D2276571 1
831424 0 D1538535 1
831688 0 D1812068 1
831754 0 D1939772 1
832093 0 D183142 1
832272 0 D262576 1
832746 0 D969688 1
832979 0 D2900593 1
833554 0 D1704374 1
833645 0 D1974236 1
833746 0 D1853312 1
834080 0 D2255184 1
834140 0 D1739479 1
834696 0 D2420029 1
834788 0 D1992015 1
834967 0 D185334 1
835007 0 D2278065 1
835115 0 D399588 1
835499 0 D253514 1
835575 0 D2322663 1
835585 0 D2377752 1
836045 0 D1520448 1
836425 0 D2546299 1
836804 0 D427046 1
837376 0 D2014971 1
838052 0 D1662221 1
838068 0 D2840289 1
838290 0 D490707 1
838814 0 D241539 1
839014 0 D181730 1
839170 0 D2911318 1
839449 0 D182919 1
840675 0 D705026 1
840856 0 D1941088 1
841125 0 D663676 1
841593 0 D2576168 1
841615 0 D142539 1
841833 0 D2580397 1
842014 0 D65905 1
842242 0 D2609529 1
842410 0 D2852082 1
843027 0 D770880 1
843176 0 D90442 1
844372 0 D1756473 1
844444 0 D2421179 1
844510 0 D2369622 1
844524 0 D2010570 1
845238 0 D1493475 1
845426 0 D557230 1
845682 0 D2522247 1
846104 0 D1581004 1
846306 0 D2057180 1
846396 0 D1989475 1
846565 0 D2602018 1
846704 0 D2338075 1
846820 0 D1628075 1
846985 0 D95879 1
847165 0 D1521503 1
847419 0 D456891 1
847461 0 D2488725 1
847818 0 D8856 1
848699 0 D99605 1
849644 0 D1473219 1
849920 0 D1491193 1
849961 0 D2901782 1
850029 0 D1461526 1
851575 0 D1883509 1
852036 0 D2444438 1
852245 0 D2360287 1
852260 0 D438437 1
852291 0 D995809 1
852326 0 D67568 1
852345 0 D209085 1
852421 0 D1771053 1
852936 0 D313443 1
853307 0 D484903 1
853566 0 D2366700 1
853775 0 D2420950 1
854111 0 D2857446 1
854222 0 D2444883 1
855083 0 D2363698 1
855088 0 D1512591 1
855104 0 D2014795 1
855502 0 D1024828 1
857424 0 D79463 1
857504 0 D1659216 1
857787 0 D325965 1
857860 0 D1571263 1
859733 0 D2222409 1
859743 0 D1428905 1
859845 0 D2468756 1
860140 0 D1569882 1
860432 0 D1806701 1
861008 0 D1715857 1
861637 0 D1328855 1
862588 0 D265117 1
862920 0 D1512006 1
862924 0 D2349870 1
863036 0 D1850501 1
863244 0 D2276415 1
863339 0 D42737 1
863932 0 D2434211 1
864035 0 D1502728 1
864257 0 D1382576 1
864297 0 D157057 1
864374 0 D2857336 1
864466 0 D2934 1
864607 0 D268559 1
864697 0 D2942908 1
864782 0 D2606743 1
865175 0 D365707 1
865378 0 D1772006 1
865900 0 D2846680 1
866896 0 D1501367 1
867061 0 D1851334 1
867339 0 D1174230 1
867433 0 D400678 1
867502 0 D1638588 1
867594 0 D1648178 1
867616 0 D1604942 1
867682 0 D2916154 1
867696 0 D464945 1
867779 0 D159198 1
867940 0 D1786473 1
868912 0 D2492771 1
869501 0 D1938220 1
869686 0 D2972045 1
870254 0 D542167 1
870322 0 D2172000 1
870336 0 D2042583 1
871032 0 D1818185 1
871231 0 D1665479 1
871497 0 D2427564 1
871874 0 D1648223 1
872255 0 D749758 1
872496 0 D473185 1
872542 0 D1576658 1
872635 0 D2143082 1
872857 0 D100974 1
873002 0 D2852971 1
873191 0 D652431 1
873244 0 D487404 1
874231 0 D1528786 1
874345 0 D2250953 1
874536 0 D1846145 1
875179 0 D1620496 1
875274 0 D2571078 1
875326 0 D378096 1
875440 0 D526540 1
875469 0 D2255670 1
875476 0 D2362170 1
875809 0 D506443 1
875810 0 D1683038 1
877524 0 D1728495 1
878310 0 D806040 1
878509 0 D108245 1
879014 0 D2115974 1
879129 0 D294890 1
879252 0 D1949879 1
880104 0 D2895856 1
880712 0 D2942633 1
880849 0 D2262165 1
881943 0 D2385410 1
882393 0 D1712128 1
882559 0 D1647293 1
882630 0 D824522 1
883186 0 D1781362 1
883218 0 D17085 1
884508 0 D348273 1
884888 0 D1581974 1
884897 0 D95168 1
885451 0 D1819793 1
885717 0 D1917574 1
885759 0 D2911619 1
886096 0 D1773249 1
886592 0 D2331332 1
887334 0 D1893412 1
887379 0 D2174079 1
887726 0 D2419429 1
887776 0 D2005666 1
887811 0 D2523191 1
888288 0 D47483 1
888393 0 D2293523 1
888969 0 D1209655 1
889363 0 D141296 1
889764 0 D175634 1
890336 0 D1771193 1
890526 0 D1669428 1
890879 0 D1522044 1
891472 0 D472132 1
891985 0 D329572 1
892334 0 D2528589 1
892417 0 D1838486 1
892420 0 D2118690 1
894385 0 D1557838 1
894393 0 D1920197 1
895617 0 D2370016 1
896156 0 D1956934 1
896195 0 D1877326 1
896291 0 D1498413 1
896406 0 D1923160 1
896564 0 D2854764 1
897516 0 D1034816 1
897525 0 D89123 1
897680 0 D1603927 1
897726 0 D2352 1
897820 0 D2327168 1
898952 0 D2071793 1
899376 0 D1876441 1
900498 0 D2017892 1
900991 0 D1379111 1
901147 0 D35844 1
901419 0 D822267 1
901673 0 D1683387 1
902378 0 D76739 1
902447 0 D90879 1
902603 0 D151080 1
902942 0 D2363166 1
903047 0 D566194 1
903315 0 D1730314 1
903597 0 D148017 1
903691 0 D2357398 1
903807 0 D2390420 1
903879 0 D2066270 1
904091 0 D1904705 1
904315 0 D983805 1
904317 0 D1617383 1
904967 0 D2619678 1
905049 0 D2091302 1
905854 0 D2172823 1
907343 0 D2471752 1
908194 0 D2087104 1
908484 0 D1336795 1
908862 0 D2045521 1
908866 0 D1534039 1
909191 0 D2015257 1
909246 0 D232917 1
910268 0 D2543420 1
910639 0 D168530 1
910771 0 D2895478 1
911021 0 D1832915 1
911188 0 D249314 1
911692 0 D548144 1
912195 0 D1554983 1
913038 0 D1479715 1
913084 0 D206065 1
913520 0 D23890 1
914193 0 D420430 1
914528 0 D143731 1
914578 0 D532750 1
914874 0 D1814544 1
914943 0 D1977110 1
915096 0 D549444 1
915428 0 D81924 1
915588 0 D1616127 1
916626 0 D23026 1
916704 0 D2231702 1
916817 0 D237759 1
917105 0 D2222244 1
917371 0 D1565130 1
917432 0 D288843 1
917585 0 D2219830 1
917629 0 D1693319 1
917636 0 D2612382 1
918073 0 D2649837 1
918195 0 D2492881 1
918253 0 D1964855 1
918735 0 D1965205 1
918900 0 D2507339 1
919119 0 D2143580 1
919334 0 D2332715 1
919606 0 D2178629 1
919713 0 D1474526 1
921249 0 D548428 1
921308 0 D1821435 1
921414 0 D1758588 1
921598 0 D2147013 1
921695 0 D2318675 1
921754 0 D1466944 1
922151 0 D1723474 1
923337 0 D474732 1
923656 0 D2506869 1
923815 0 D2974340 1
924183 0 D1635900 1
924592 0 D1984635 1
925098 0 D1643622 1
925541 0 D122280 1
925748 0 D1530996 1
925785 0 D144863 1
926228 0 D1112679 1
926251 0 D2186906 1
926329 0 D2501923 1
926350 0 D2389862 1
926778 0 D2065185 1
926823 0 D1451801 1
926948 0 D1517745 1
927240 0 D1615345 1
927571 0 D1680615 1
928262 0 D2851277 1
928439 0 D2475497 1
928800 0 D306372 1
929645 0 D129871 1
930107 0 D1493305 1
930129 0 D313383 1
930153 0 D1742427 1
930252 0 D33522 1
930324 0 D1800001 1
930558 0 D1124612 1
930875 0 D368638 1
931382 0 D157367 1
931409 0 D2430388 1
931551 0 D2599424 1
931609 0 D146520 1
935491 0 D719919 1
936074 0 D142379 1
936394 0 D2316355 1
936405 0 D271179 1
936446 0 D1918988 1
937058 0 D1176927 1
937242 0 D2397858 1
937296 0 D2461297 1
937874 0 D695925 1
937901 0 D518839 1
938426 0 D62390 1
938919 0 D1964838 1
940452 0 D301746 1
940668 0 D2232446 1
941035 0 D2662139 1
941440 0 D2406607 1
941959 0 D146854 1
942469 0 D1905885 1
942851 0 D1812590 1
943133 0 D1520292 1
943366 0 D2839 1
943485 0 D367888 1
944010 0 D1682162 1
944387 0 D1725369 1
945165 0 D1975584 1
946521 0 D2273231 1
947668 0 D1832281 1
947717 0 D2283995 1
948086 0 D1932288 1
948900 0 D2087225 1
949760 0 D2502325 1
950814 0 D2280622 1
950964 0 D2854230 1
950977 0 D2380328 1
951005 0 D1746418 1
951227 0 D1549583 1
952040 0 D2610547 1
952128 0 D2001473 1
952509 0 D2416440 1
952990 0 D848862 1
953278 0 D2331439 1
953747 0 D2230300 1
953782 0 D1507654 1
954359 0 D1338088 1
954662 0 D1048593 1
954862 0 D2494397 1
955596 0 D2415497 1
955844 0 D1860006 1
955871 0 D2588817 1
955889 0 D2295230 1
956033 0 D2394843 1
956293 0 D1934890 1
956394 0 D1260395 1
957111 0 D1566908 1
958052 0 D2564831 1
958346 0 D2034990 1
958351 0 D2664121 1
958367 0 D2654445 1
958760 0 D2034820 1
959159 0 D2601137 1
959196 0 D2540983 1
959255 0 D2177569 1
959447 0 D2510188 1
960195 0 D903587 1
960536 0 D2043202 1
960574 0 D62171 1
960584 0 D1851704 1
961556 0 D2417330 1
961701 0 D2317241 1
962593 0 D2187918 1
962751 0 D1947814 1
963043 0 D1752828 1
963120 0 D1896999 1
963207 0 D2496880 1
963404 0 D1565431 1
963950 0 D1978027 1
964118 0 D2048604 1
964457 0 D2065637 1
964607 0 D1881759 1
965540 0 D2191647 1
965924 0 D2633354 1
966491 0 D1955260 1
967187 0 D516312 1
967209 0 D1872404 1
967465 0 D2974776 1
967969 0 D1480044 1
967991 0 D2511281 1
968815 0 D2076631 1
968954 0 D2518643 1
969024 0 D1974501 1
969433 0 D478963 1
969571 0 D221900 1
969663 0 D2285027 1
969939 0 D1519763 1
970468 0 D2200401 1
970856 0 D321559 1
970992 0 D110831 1
971288 0 D2380493 1
971303 0 D2575418 1
972352 0 D1471608 1
972719 0 D2204033 1
972933 0 D1735818 1
973461 0 D1612770 1
974003 0 D1624306 1
974257 0 D2906441 1
975009 0 D2240365 1
975230 0 D2102571 1
975268 0 D1249720 1
975630 0 D1845172 1
975694 0 D587829 1
975817 0 D89989 1
975988 0 D2273282 1
976491 0 D1559510 1
976863 0 D2075689 1
977047 0 D2068936 1
977069 0 D1562642 1
977344 0 D771688 1
977663 0 D2430796 1
977670 0 D2452967 1
978123 0 D2938808 1
978566 0 D2265824 1
978568 0 D1900541 1
978727 0 D2623137 1
978796 0 D1690895 1
979127 0 D1581021 1
979292 0 D2311065 1
979484 0 D885087 1
979892 0 D1716315 1
980084 0 D2433641 1
980880 0 D1651539 1
981107 0 D2145594 1
981846 0 D2130228 1
982011 0 D2073701 1
982068 0 D2857227 1
982174 0 D1729077 1
982680 0 D1909878 1
982819 0 D2317682 1
982911 0 D1554418 1
983313 0 D1817835 1
984137 0 D1662317 1
984141 0 D2009809 1
984498 0 D21946 1
984802 0 D1772934 1
984832 0 D1473464 1
984882 0 D2508266 1
985000 0 D1669445 1
985811 0 D2583083 1
985833 0 D1602804 1
986254 0 D2398055 1
987116 0 D2902568 1
987417 0 D2275496 1
987686 0 D1811209 1
987950 0 D1825391 1
988402 0 D1827583 1
989264 0 D2654185 1
989270 0 D2511168 1
989402 0 D1311460 1
989985 0 D2421398 1
990180 0 D2658275 1
990511 0 D1133763 1
990978 0 D1682718 1
991493 0 D1959556 1
991875 0 D2636364 1
991987 0 D2047330 1
992069 0 D1411113 1
992464 0 D2393283 1
993100 0 D1510894 1
993494 0 D2535782 1
993581 0 D2422534 1
994421 0 D2897602 1
994438 0 D2939721 1
994604 0 D2658911 1
994750 0 D2277181 1
994949 0 D2182479 1
995395 0 D2238194 1
995803 0 D1099895 1
996104 0 D1505168 1
996294 0 D833564 1
996322 0 D1831411 1
996323 0 D1609365 1
996368 0 D2852242 1
996913 0 D2847486 1
997132 0 D1674321 1
997832 0 D257649 1
998272 0 D525081 1
998741 0 D2232403 1
998949 0 D2345636 1
999009 0 D1775966 1
999292 0 D2197293 1
999333 0 D2242250 1
999485 0 D2380150 1
999928 0 D2578733 1
1000218 0 D1775546 1
1000548 0 D382453 1
1001028 0 D2908025 1
1001210 0 D2507123 1
1001853 0 D874276 1
1002420 0 D2607028 1
1002481 0 D2011954 1
1003237 0 D1569401 1
1003306 0 D2128047 1
1003529 0 D32182 1
1003674 0 D2652343 1
1003745 0 D1951990 1
1004177 0 D2243887 1
1004552 0 D2063208 1
1005675 0 D576671 1
1006158 0 D363489 1
1006278 0 D547559 1
1007131 0 D2857083 1
1007311 0 D12409 1
1007559 0 D882151 1
1007896 0 D534706 1
1008995 0 D932109 1
1009900 0 D1869504 1
1010229 0 D1781599 1
1010253 0 D2112122 1
1010744 0 D2462249 1
1010804 0 D2462481 1
1011217 0 D1070217 1
1012294 0 D1922959 1
1012675 0 D2426407 1
1012880 0 D2369005 1
1012969 0 D1625554 1
1013031 0 D1509597 1
1013257 0 D1801569 1
1013675 0 D868668 1
1013875 0 D307108 1
1015119 0 D1881689 1
1015999 0 D1436191 1
1016214 0 D2171000 1
1016488 0 D1692544 1
1016860 0 D2629871 1
1016909 0 D1705881 1
1017040 0 D1751537 1
1017079 0 D1706921 1
1018293 0 D1506258 1
1018683 0 D29212 1
1018783 0 D2843674 1
1018941 0 D1567250 1
1019346 0 D1714241 1
1019468 0 D1486914 1
1019589 0 D1498327 1
1019718 0 D336958 1
1019844 0 D36006 1
1019966 0 D85536 1
1020058 0 D1732362 1
1020696 0 D409324 1
1020808 0 D1838144 1
1021707 0 D1626184 1
1021926 0 D366 1
1022408 0 D1029 1
1022732 0 D977065 1
1022926 0 D1758703 1
1024453 0 D1945290 1
1024878 0 D1423371 1
1025482 0 D184083 1
1025937 0 D2517855 1
1026028 0 D1952311 1
1026555 0 D1637815 1
1026728 0 D1701454 1
1026779 0 D2064491 1
1027021 0 D2003903 1
1027365 0 D1941956 1
1027414 0 D978847 1
1027805 0 D2305328 1
1028353 0 D445737 1
1028731 0 D2093298 1
1028932 0 D2662545 1
1028982 0 D2067519 1
1029023 0 D1691485 1
1029707 0 D2150350 1
1029726 0 D2432061 1
1029778 0 D2029026 1
1029782 0 D1280253 1
1030193 0 D2149679 1
1030291 0 D2425105 1
1030765 0 D2619791 1
1031031 0 D2845111 1
1031273 0 D1957078 1
1032055 0 D1774126 1
1032138 0 D1689642 1
1032539 0 D2161527 1
1032691 0 D1547918 1
1033074 0 D63545 1
1033729 0 D2365147 1
1033886 0 D1503578 1
1034038 0 D1605733 1
1034802 0 D2160185 1
1036594 0 D1816550 1
1036606 0 D1729467 1
1036708 0 D1642003 1
1037112 0 D2440475 1
1037152 0 D1770531 1
1037767 0 D2075308 1
1038061 0 D2506915 1
1038149 0 D1636515 1
1038153 0 D1697185 1
1038488 0 D1758621 1
1038574 0 D2581748 1
1038651 0 D2629675 1
1038898 0 D1944593 1
1040467 0 D2261624 1
1041733 0 D1853423 1
1041798 0 D1194526 1
1042130 0 D2908670 1
1043161 0 D574825 1
1043370 0 D2328761 1
1043455 0 D2623366 1
1043645 0 D1920716 1
1044109 0 D2665111 1
1044907 0 D1918034 1
1045435 0 D1540168 1
1045498 0 D1709449 1
1045901 0 D1547419 1
1046530 0 D1646343 1
1046624 0 D1984252 1
1047619 0 D1815887 1
1048015 0 D1757511 1
1048484 0 D2490122 1
1048764 0 D1760182 1
1048909 0 D1641339 1
1050040 0 D1982876 1
1050356 0 D1684789 1
1050860 0 D1488684 1
1052410 0 D2330640 1
1052609 0 D843080 1
1052626 0 D160197 1
1052815 0 D1779467 1
1053087 0 D2026786 1
1053886 0 D2616759 1
1054346 0 D1932274 1
1055699 0 D2597154 1
1055738 0 D2298272 1
1055907 0 D1927331 1
1055915 0 D2303861 1
1056147 0 D2112971 1
1056249 0 D2317797 1
1056503 0 D2419945 1
1056826 0 D339078 1
1057011 0 D2624849 1
1057325 0 D1763498 1
1057429 0 D134597 1
1057474 0 D1960929 1
1058747 0 D1617540 1
1058823 0 D1682694 1
1059058 0 D2268759 1
1059703 0 D49598 1
1059851 0 D2103409 1
1060035 0 D281782 1
1060230 0 D1719874 1
1060368 0 D1633703 1
1060434 0 D2272526 1
1060478 0 D775123 1
1060649 0 D580528 1
1060873 0 D53512 1
1061599 0 D256962 1
1062426 0 D2576422 1
1062519 0 D2592598 1
1062797 0 D1813665 1
1063213 0 D1610075 1
1064146 0 D2177905 1
1064157 0 D1669755 1
1065214 0 D1051572 1
1065322 0 D269820 1
1066246 0 D1822430 1
1068131 0 D2900490 1
1068134 0 D922696 1
1068672 0 D2518785 1
1069957 0 D1586790 1
1070037 0 D1412893 1
1070376 0 D1858767 1
1071176 0 D2229597 1
1072430 0 D1828935 1
1073102 0 D1823267 1
1073537 0 D15442 1
1073726 0 D2152656 1
1073984 0 D2535154 1
1075761 0 D1379537 1
1075866 0 D127513 1
1077246 0 D1958215 1
1078358 0 D1694296 1
1078754 0 D2124671 1
1079835 0 D1476960 1
1079862 0 D1920616 1
1080052 0 D551276 1
1080301 0 D1527162 1
1081268 0 D54552 1
1081434 0 D2335169 1
1081698 0 D2260792 1
1081708 0 D1469420 1
1081765 0 D2418417 1
1081841 0 D1649308 1
1082069 0 D630945 1
1136983 0 D1352540 1
1137390 0 D1680451 1
1138188 0 D1650445 1
1138533 0 D1636429 1
1138805 0 D1625674 1
1138858 0 D1623321 1
1139283 0 D1607032 1
1139367 0 D1603717 1
1139586 0 D1597241 1
1139962 0 D1583050 1
1139992 0 D1581935 1
1140046 0 D1579837 1
1140288 0 D1570459 1
1140374 0 D1567107 1
1140828 0 D1549296 1
1140830 0 D1009531 1
1140954 0 D1543804 1
1141109 0 D1495716 1
1141826 0 D1509912 1
1141928 0 D1505593 1
1142698 0 D1475749 1
1143145 0 D1457707 1
1144170 0 D1419967 1
1144332 0 D1413615 1
1144446 0 D1409555 1
1144794 0 D1394942 1
1144825 0 D1393621 1
1145045 0 D1385173 1
1145117 0 D1382624 1
1145471 0 D1370376 1
1145776 0 D1359569 1
1145825 0 D1357835 1
1145872 0 D369561 1
1145900 0 D1164856 1
1146346 0 D1338143 1
1146629 0 D1327744 1
1146907 0 D1317882 1
1147221 0 D1306070 1
1147345 0 D965437 1
1147510 0 D1295291 1
1147984 0 D1278856 1
1148458 0 D1261630 1
1148556 0 D1258377 1
1148572 0 D195991 1
1148859 0 D1247495 1
1149160 0 D1236780 1
1149216 0 D1234318 1
1150952 0 D1163016 1
1150990 0 D1161305 1
1151130 0 D1155137 1
1151409 0 D1145215 1
1151425 0 D1144640 1
1151913 0 D288381 1
1152033 0 D1121906 1
1152344 0 D1111007 1
1152758 0 D1094274 1
1152823 0 D1092048 1
1152986 0 D1085442 1
1153450 0 D256031 1
1153996 0 D1042970 1
1155369 0 D991088 1
1155435 0 D988580 1
1155649 0 D979397 1
1156447 0 D947872 1
1156745 0 D3150814 1
1157312 0 D910975 1
1157509 0 D902991 1
1157518 0 D902568 1
1157541 0 D859830 1
1157583 0 D899862 1
1157590 0 D899521 1
1157646 0 D896998 1
1157710 0 D765233 1
1157793 0 D890658 1
1158126 0 D876510 1
1158281 0 D869695 1
1158437 0 D863450 1
1158733 0 D850416 1
1158837 0 D845663 1
1159405 0 D821787 1
1159759 0 D807552 1
1160566 0 D775235 1
1160704 0 D769529 1
1160770 0 D766575 1
1160781 0 D766143 1
1161154 0 D750050 1
1161218 0 D179077 1
1161341 0 D741429 1
1161500 0 D734234 1
1161569 0 D730954 1
1161748 0 D353298 1
1162181 0 D701660 1
1162239 0 D698854 1
1162378 0 D692113 1
1162729 0 D675276 1
1163149 0 D654811 1
1163219 0 D651116 1
1163292 0 D647718 1
1163556 0 D634367 1
1163647 0 D629909 1
1163879 0 D215774 1
1163995 0 D613431 1
1164040 0 D611729 1
1164066 0 D610646 1
1164126 0 D607994 1
1164378 0 D595942 1
1164396 0 D595054 1
1165200 0 D453111 1
1165539 0 D543484 1
1165603 0 D84630 1
1165654 0 D538708 1
1166962 0 D473181 1
1167266 0 D458630 1
1167593 0 D441602 1
1167658 0 D438419 1
1168086 0 D416249 1
1168921 0 D372594 1
1169132 0 D361206 1
1169346 0 D350298 1
1169561 0 D339108 1
1170338 0 D299929 1
1170432 0 D295016 1
1170595 0 D286347 1
1171524 0 D235978 1
1171613 0 D231261 1
1171765 0 D223322 1
1172268 0 D196783 1
1172435 0 D187933 1
1173274 0 D142509 1
1173529 0 D128218 1
1173581 0 D125130 1
1173686 0 D119041 1
1174119 0 D433678 1
1174568 0 D70415 1
1174719 0 D61783 1
1175171 0 D3226402 1
1175471 0 D194680 1
1175923 0 D3201326 1
1175990 0 D3199116 1
1176972 0 D3144890 1
1177204 0 D3067499 1
1177750 0 D2891949 1
1178345 0 D2712440 1
1178613 0 D2633719 1
1178765 0 D1144876 1
1179226 0 D935042 1
1179890 0 D2191600 1
1180314 0 D412849 1
1180638 0 D278645 1
1180670 0 D1901020 1
1180707 0 D113769 1
1180965 0 D1781418 1
1181324 0 D1635212 1
1182347 0 D1206388 1
1183363 0 D771830 1
1183447 0 D743884 1
1183846 0 D547213 1
1183868 0 D80621 1
1183975 0 D485948 1
1184385 0 D266338 1
1184547 0 D182333 1
1184679 0 D114795 1
1185109 0 D1696663 1
1185240 0 D2267954 1
1185535 0 D1116908 1
1185806 0 D2049010 1
